Legendre-cos quadrature
                      x                 w                 r               keo             poten
    0       -0.99971373    7.34634491e-04        3.11766414        1.18207242    24460.51797887
    1       -0.99849195    1.70939265e-03        3.08666673        1.18202959    24364.70332192
    2       -0.99629513    2.68392537e-03        3.05548626        1.18195259    24193.39441720
    3       -0.99312494    3.65596120e-03        3.02426444        1.18184147    23948.36158127
    4       -0.98898440    4.62445006e-03        2.99302692        1.18169633    23632.16165332
    5       -0.98387754    5.58842800e-03        2.96178182        1.18151733    23248.05397365
    6       -0.97780936    6.54694845e-03        2.93053247        1.18130463    22799.92983052
    7       -0.97078578    7.49907326e-03        2.89928051        1.18105844    22292.23244556
    8       -0.96281365    8.44387147e-03        2.86802683        1.18077900    21729.86798060
    9       -0.95390078    9.38041965e-03        2.83677196        1.18046659    21118.10992115
   10       -0.94405587    1.03078026e-02        2.80551624        1.18012150    20462.49957459
   11       -0.93328854    1.12251140e-02        2.77425987        1.17974409    19768.74552268
   12       -0.92160930    1.21314577e-02        2.74300301        1.17933471    19042.62483474
   13       -0.90902957    1.30259479e-02        2.71174578        1.17889377    18289.88870896
   14       -0.89556164    1.39077107e-02        2.68048823        1.17842169    17516.17497734
   15       -0.88121868    1.47758845e-02        2.64923044        1.17791895    16726.92959722
   16       -0.86601469    1.56296211e-02        2.61797245        1.17738602    15927.33887226
   17       -0.84996453    1.64680862e-02        2.58671429        1.17682343    15122.27371437
   18       -0.83308388    1.72904606e-02        2.55545599        1.17623173    14316.24679361
   19       -0.81538924    1.80959407e-02        2.52419756        1.17561150    13513.38294302
   20       -0.79689789    1.88837396e-02        2.49293904        1.17496335    12717.40271026
   21       -0.77762791    1.96530875e-02        2.46168043        1.17428790    11931.61849534
   22       -0.75759812    2.04032326e-02        2.43042174        1.17358582    11158.94230165
   23       -0.73682809    2.11334421e-02        2.39916299        1.17285779    10401.90377098
   24       -0.71533812    2.18430024e-02        2.36790418        1.17210453     9662.67688565
   25       -0.69314920    2.25312203e-02        2.33664532        1.17132676     8943.11351126
   26       -0.67028302    2.31974232e-02        2.30538642        1.17052526     8244.78182895
   27       -0.64676191    2.38409603e-02        2.27412747        1.16970080     7569.00766803
   28       -0.62260886    2.44612027e-02        2.24286849        1.16885419     6916.91679759
   29       -0.59784747    2.50575445e-02        2.21160948        1.16798626     6289.47636359
   30       -0.57250193    2.56294029e-02        2.18035044        1.16709785     5687.53385752
   31       -0.54659701    2.61762192e-02        2.14909137        1.16618984     5111.85226198
   32       -0.52015802    2.66974592e-02        2.11783229        1.16526310     4563.14032336
   33       -0.49321079    2.71926134e-02        2.08657318        1.16431855     4042.07723543
   34       -0.46578165    2.76611982e-02        2.05531405        1.16335711     3549.33136425
   35       -0.43789740    2.81027557e-02        2.02405491        1.16237972     3085.57298448
   36       -0.40958529    2.85168543e-02        1.99279575        1.16138733     2651.48131632
   37       -0.38087298    2.89030896e-02        1.96153658        1.16038091     2247.74643192
   38       -0.35178853    2.92610841e-02        1.93027740        1.15936144     1875.06683008
   39       -0.32236034    2.95904881e-02        1.89901821        1.15832993     1534.14364600
   40       -0.29261719    2.98909796e-02        1.86775901        1.15728738     1225.67256210
   41       -0.26258812    3.01622651e-02        1.83649980        1.15623480      950.33451423
   42       -0.23230248    3.04040795e-02        1.80524058        1.15517324      708.78624351
   43       -0.20178986    3.06161866e-02        1.77398136        1.15410371      501.65163385
   44       -0.17108008    3.07983790e-02        1.74272213        1.15302728      329.51460590
   45       -0.14020314    3.09504789e-02        1.71146290        1.15194498      192.91412101
   46       -0.10918920    3.10723374e-02        1.68020367        1.15085789       92.34159845
   47       -0.07806858    3.11638357e-02        1.64894443        1.14976705       28.24078012
   48       -0.04687168    3.12248843e-02        1.61768519        1.14867354        1.00980831
   49       -0.01562898    3.12554235e-02        1.58642595        1.14757843       11.00502812
   50        0.01562898    3.12554235e-02        1.55516671        1.14648278       58.54580662
   51        0.04687168    3.12248843e-02        1.52390746        1.14538767      143.91948766
   52        0.07806858    3.11638357e-02        1.49264822        1.14429416      267.38548920
   53        0.10918920    3.10723374e-02        1.46138899        1.14320332      429.17750795
   54        0.14020314    3.09504789e-02        1.43012975        1.14211623      629.50282997
   55        0.17108008    3.07983790e-02        1.39887052        1.14103393      868.53785975
   56        0.20178986    3.06161866e-02        1.36761129        1.13995750     1146.41917296
   57        0.23230248    3.04040795e-02        1.33635207        1.13888797     1463.22966805
   58        0.26258812    3.01622651e-02        1.30509285        1.13782641     1818.97973512
   59        0.29261719    2.98909796e-02        1.27383364        1.13677383     2213.58377513
   60        0.32236034    2.95904881e-02        1.24257444        1.13573128     2646.83289046
   61        0.35178853    2.92610841e-02        1.21131525        1.13469977     3118.36513746
   62        0.38087298    2.89030896e-02        1.18005607        1.13368030     3627.63540593
   63        0.40958529    2.85168543e-02        1.14879690        1.13267389     4173.88780471
   64        0.43789740    2.81027557e-02        1.11753774        1.13168149     4756.13444851
   65        0.46578165    2.76611982e-02        1.08627860        1.13070410     5373.14583609
   66        0.49321079    2.71926134e-02        1.05501947        1.12974266     6023.45968754
   67        0.52015802    2.66974592e-02        1.02376037        1.12879811     6705.41727270
   68        0.54659701    2.61762192e-02        0.99250128        1.12787137     7417.23900349
   69        0.57250193    2.56294029e-02        0.96124221        1.12696336     8157.15439932
   70        0.59784747    2.50575445e-02        0.92998317        1.12607495     8923.60535095
   71        0.62260886    2.44612027e-02        0.89872416        1.12520702     9715.54554968
   72        0.64676191    2.38409603e-02        0.86746518        1.12436041    10532.86230876
   73        0.67028302    2.31974232e-02        0.83620624        1.12353595    11376.94860723
   74        0.69314920    2.25312203e-02        0.80494733        1.12273445    12251.45131752
   75        0.71533812    2.18430024e-02        0.77368847        1.12195668    13163.21402221
   76        0.73682809    2.11334421e-02        0.74242966        1.12120342    14123.41710614
   77        0.75759812    2.04032326e-02        0.71117091        1.12047539    15148.89173107
   78        0.77762791    1.96530875e-02        0.67991222        1.11977331    16263.54688877
   79        0.79689789    1.88837396e-02        0.64865361        1.11909786    17499.80162909
   80        0.81538924    1.80959407e-02        0.61739509        1.11844971    18899.86387171
   81        0.83308388    1.72904606e-02        0.58613667        1.11782948    20516.65565044
   82        0.84996453    1.64680862e-02        0.55487837        1.11723778    22414.17387581
   83        0.86601469    1.56296211e-02        0.52362021        1.11667519    24667.12875176
   84        0.88121868    1.47758845e-02        0.49236221        1.11614226    27359.86591070
   85        0.89556164    1.39077107e-02        0.46110442        1.11563952    30584.91824807
   86        0.90902957    1.30259479e-02        0.42984688        1.11516744    34442.14024412
   87        0.92160930    1.21314577e-02        0.39858964        1.11472650    39040.38425636
   88        0.93328854    1.12251140e-02        0.36733278        1.11431712    44505.29333284
   89        0.94405587    1.03078026e-02        0.33607642        1.11393971    50999.35702133
   90        0.95390078    9.38041965e-03        0.30482069        1.11359462    58764.51229879
   91        0.96281365    8.44387147e-03        0.27356582        1.11328221    68204.34485742
   92        0.97078578    7.49907326e-03        0.24231215        1.11300277    80034.25416423
   93        0.97780936    6.54694845e-03        0.21106019        1.11275658    95547.10922403
   94        0.98387754    5.58842800e-03        0.17981084        1.11254388   117074.66582923
   95        0.98898440    4.62445006e-03        0.14856573        1.11236488   148781.00032547
   96        0.99312494    3.65596120e-03        0.11732822        1.11221974   198018.97266956
   97        0.99629513    2.68392537e-03        0.08610639        1.11210862   277634.81507675
   98        0.99849195    1.70939265e-03        0.05492592        1.11203162   409806.07844108
   99        0.99971373    7.34634491e-04        0.02392851        1.11198880   631483.91884237
