A1         1      0.000000   ( A1 ;  0  0  0 ) ( A1  A1 ;   0   0   0 )      1.00 (   0   0   0   0 ) (    1    1 )
 A1        2   1182.569532   ( A1 ;  0  0  0 ) ( A1  A1 ;   0   0   1 )      1.00 (   0   0   1   0 ) (    1    2 )
 A1        3   2353.907164   ( A1 ;  0  0  0 ) ( A1  A1 ;   0   0   2 )      0.99 (   0   0   2   0 ) (    1    3 )
 A1        4   2614.394631   ( A1 ;  0  0  0 ) ( A1  A1 ;   0   1   0 )      1.00 (   1   0   0   0 ) (    2    1 )
 A1        5   3513.704879   ( A1 ;  0  0  0 ) ( A1  A1 ;   0   0   3 )      0.98 (   0   0   3   0 ) (    1    4 )
 A1        6   3779.189344   ( A1 ;  0  0  0 ) ( A1  A1 ;   0   1   1 )      0.98 (   1   0   1   0 ) (    2    2 )
A1        7   4661.605594   ( A1 ;  0  0  0 ) ( A1  A1 ;   0   0   4 )      0.97 (   0   0   4   0 ) (    1    5 )
A1        8   4932.689271   ( A1 ;  0  0  0 ) ( A1  A1 ;   0   1   2 )      0.96 (   1   0   2   0 ) (    2    3 )
A1        9   5145.032233   ( A1 ;  0  0  0 ) ( A1  A1 ;   0   2   0 )      0.99 (   2   0   0   0 ) (    4    1 )
A1       10   5243.158607   ( A1 ;  0  0  0 ) ( A1  A1 ;   1   1   0 )      1.00 (   2   0   0   0 ) (    6    1 )
A1       11   5797.207386   ( A1 ;  0  0  0 ) ( A1  A1 ;   0   0   5 )      0.95 (   0   0   5   0 ) (    1    6 )
A1       12   6074.566919   ( A1 ;  0  0  0 ) ( A1  A1 ;   0   1   3 )      0.93 (   1   0   3   0 ) (    2    4 )
A1       13   6288.137389   ( A1 ;  0  0  0 ) ( A1  A1 ;   0   2   1 )      0.97 (   2   0   1   0 ) (    4    2 )
A1       14   6385.321103   ( A1 ;  0  0  0 ) ( A1  A1 ;   1   1   1 )      0.98 (   2   0   1   0 ) (    6    2 )
A1       15   6920.081237   ( A1 ;  0  0  0 ) ( A1  A1 ;   0   0   6 )      0.93 (   0   0   6   0 ) (    1    7 )
A1       16   7204.436792   ( A1 ;  0  0  0 ) ( A1  A1 ;   0   1   4 )      0.89 (   1   0   4   0 ) (    2    5 )
A1       17   7419.853766   ( A1 ;  0  0  0 ) ( A1  A1 ;   0   2   2 )      0.94 (   2   0   2   0 ) (    4    3 )
A1       18   7516.826950   ( A1 ;  0  0  0 ) ( A1  A1 ;   1   1   2 )      0.95 (   2   0   2   0 ) (    6    3 )
A1       19   7576.418099   ( A1 ;  0  0  0 ) ( A1  A1 ;   3   0   0 )      0.99 (   3   0   0   0 ) (    7    1 )
A1       20   7752.343405   ( A1 ;  0  0  0 ) ( A1  A1 ;   2   1   0 )      0.99 (   3   0   0   0 ) (    9    1 )
A1       21   8029.814410   ( A1 ;  0  0  0 ) ( A1  A1 ;   0   0   7 )      0.91 (   0   0   7   0 ) (    1    8 )
A1       22   8321.866003   ( A1 ;  0  0  0 ) ( A1  A1 ;   0   1   5 )      0.84 (   1   0   5   0 ) (    2    6 )
A1       23   8539.826215   ( A1 ;  0  0  0 ) ( A1  A1 ;   0   2   3 )      0.89 (   2   0   3   0 ) (    4    4 )
A1       24   8637.163913   ( A1 ;  0  0  0 ) ( A1  A1 ;   1   1   3 )      0.91 (   2   0   3   0 ) (    6    4 )
A1       25   8697.151138   ( A1 ;  0  0  0 ) ( A1  A1 ;   3   0   1 )      0.97 (   3   0   1   0 ) (    7    2 )
A1       26   8878.593110   ( A1 ;  0  0  0 ) ( A1  A1 ;   2   1   1 )      0.97 (   3   0   1   0 ) (    9    2 )
A1       27   9126.085650   ( A1 ;  0  0  0 ) ( A1  A1 ;   0   0   8 )      0.88 (   0   0   8   0 ) (    1    9 )
A1       28   9426.397111   ( A1 ;  0  0  0 ) ( A1  A1 ;   0   1   6 )      0.79 (   1   0   6   0 ) (    2    7 )
A1       29   9647.624407   ( A1 ;  0  0  0 ) ( A1  A1 ;   0   2   4 )      0.83 (   2   0   4   0 ) (    4    5 )
A1       30   9745.801753   ( A1 ;  0  0  0 ) ( A1  A1 ;   1   1   4 )      0.87 (   2   0   4   0 ) (    6    5 )
A1       31   9806.782892   ( A1 ;  0  0  0 ) ( A1  A1 ;   3   0   2 )      0.92 (   3   0   2   0 ) (    7    3 )
A1       32   9911.135434   ( A1 ;  0  0  0 ) ( A1  A1 ;   0   4   0 )      0.99 (   4   0   0   0 ) (   12    1 )
A1       33   9993.686588   ( A1 ;  0  0  0 ) ( A1  A1 ;   2   1   2 )      0.92 (   3   0   2   0 ) (    9    3 )
A1       34  10188.361597   ( A1 ;  0  0  0 ) ( A1  A1 ;   1   3   0 )      0.99 (   4   0   0   0 ) (   13    1 )
B2        1   2628.463126   ( A1 ;  0  0  0 ) ( B2  A1 ;   1   0   0 )      1.00 (   1   0   0   0 ) (    3    1 )
B2        2   3789.269895   ( A1 ;  0  0  0 ) ( B2  A1 ;   1   0   1 )      1.00 (   1   0   1   0 ) (    3    2 )
B2        3   4939.130231   ( A1 ;  0  0  0 ) ( B2  A1 ;   1   0   2 )      0.99 (   1   0   2   0 ) (    3    3 )
B2        4   5147.167000   ( A1 ;  0  0  0 ) ( B2  A1 ;   2   0   0 )      1.00 (   2   0   0   0 ) (    5    1 )
B2        5   6077.627575   ( A1 ;  0  0  0 ) ( B2  A1 ;   1   0   3 )      0.97 (   1   0   3   0 ) (    3    4 )
B2        6   6289.130997   ( A1 ;  0  0  0 ) ( B2  A1 ;   2   0   1 )      0.98 (   2   0   1   0 ) (    5    2 )
B2        7   7204.310047   ( A1 ;  0  0  0 ) ( B2  A1 ;   1   0   4 )      0.96 (   1   0   4   0 ) (    3    5 )
B2        8   7420.083864   ( A1 ;  0  0  0 ) ( B2  A1 ;   2   0   2 )      0.96 (   2   0   2   0 ) (    5    3 )
B2        9   7576.601014   ( A1 ;  0  0  0 ) ( B2  A1 ;   0   3   0 )      0.99 (   3   0   0   0 ) (    8    1 )
B2       10   7779.352384   ( A1 ;  0  0  0 ) ( B2  A1 ;   1   2   0 )      1.00 (   3   0   0   0 ) (   10    1 )
B2       11   8318.687462   ( A1 ;  0  0  0 ) ( B2  A1 ;   1   0   5 )      0.94 (   1   0   5   0 ) (    3    6 )
B2       12   8539.576768   ( A1 ;  0  0  0 ) ( B2  A1 ;   2   0   3 )      0.92 (   2   0   3   0 ) (    5    4 )
B2       13   8697.196560   ( A1 ;  0  0  0 ) ( B2  A1 ;   0   3   1 )      0.97 (   3   0   1   0 ) (    8    2 )
B2       14   8897.380662   ( A1 ;  0  0  0 ) ( B2  A1 ;   1   2   1 )      0.98 (   3   0   1   0 ) (   10    2 )
B2       15   9420.240371   ( A1 ;  0  0  0 ) ( B2  A1 ;   1   0   6 )      0.91 (   1   0   6   0 ) (    3    7 )
B2       16   9647.116010   ( A1 ;  0  0  0 ) ( B2  A1 ;   2   0   4 )      0.87 (   2   0   4   0 ) (    5    5 )
B2       17   9806.747682   ( A1 ;  0  0  0 ) ( B2  A1 ;   0   3   2 )      0.93 (   3   0   2   0 ) (    8    3 )
B2       18   9911.125222   ( A1 ;  0  0  0 ) ( B2  A1 ;   4   0   0 )      0.99 (   4   0   0   0 ) (   11    1 )
B2       19  10004.984409   ( A1 ;  0  0  0 ) ( B2  A1 ;   1   2   2 )      0.96 (   3   0   2   0 ) (   10    3 )
